avg_loss: 0.5820454359054565
total_acc: 69.02834008097166
precisions: 0.7233000757179396
recalls: 0.6902834008097166
f1_scores: 0.680564448931978
time_taken_from_start: 33.72925329208374
auc_score: 0.7527458335895701
