avg_loss: 0.5753933191299438
total_acc: 69.1919191919192
precisions: 0.7339335382813644
recalls: 0.6919191919191919
f1_scores: 0.6795666457091064
time_taken_from_start: 2.3423941135406494
auc_score: 0.78054506481576
